j_point_84,11.413293133925663,-46.71323142473368,26.503568243510276,-0.18071892556179775,77.35058887895332,-1.430419921875
truba_podezd,12.625989600293064,-22.66440884193143,3.0848373538771945,-0.3784234550561798,67.58996434958584,-3.424072265625
tvel_3_lotok_hvatv3,11.441458401172255,-52.48052417197748,34.06154773171645,-0.28855775983146065,82.18501447195031,-0.9722900390625
lift_hvat,-169.98874479578544,-46.98602566637205,13.181399957879192,2.691230688202247,8.488372435052712,-3.7694091796875
lift_nad,-169.98897193503743,-46.572632227752706,13.459828741211831,2.3594188904494384,9.457948983433736,-3.39697265625
lift_podezd3,-169.497896872238,-39.47680199562729,6.176804532147018,5.081460674157303,10.051387189382531,-6.33251953125
lift_podezd2,-169.497896872238,-13.628355119318973,11.944101201743074,5.083040730337078,-0.12420286615210845,-6.3369140625
lift_podezd,-169.497896872238,-13.62721942305903,11.944649649773275,5.080868153089888,-0.1299387001129518,-96.95361328125
test_linear,-87.11424884049954,10.333884819865853,9.56272842860458,-1.5163478208391854,-67.29303842567536,-1.8726425170898438
k_liftu,-169.497896872238,47.56795642996697,-34.604876913636744,5.081065660112359,-0.146704983998494,-96.9649658203125
start,-173.84317013620358,-20.248953251471136,33.64385885271497,-0.6878922708918539,-25.70105862904744,-91.90200805664062
pos-1-1-up,-173.84321272481333,20.626373511056773,15.696045602356815,-0.6817695531952247,46.531939219279465,-174.02435302734375
k_lotku,3.0416217233800062,47.56795642996697,-34.604876913636744,5.081065660112359,-0.146704983998494,-96.9649658203125
pos-1-1-down,-173.84314174379708,25.707421793229866,16.951431717488976,-0.6819053392731742,40.30045199106975,-173.62525177001953
j_point_81,0,42.226776919453876,-16.56605556826691,7.771308813202247,17.983604339231928,-96.252685546875
pos-1-2-up,-173.84312754759384,8.150239032263222,27.4561196379658,-0.6813375065835674,43.986911084278525,-173.11310577392578
pos-1-2-down,-173.84318433240685,15.693703945245266,28.897029725314475,-0.6813251623946629,33.873422461819935,-173.2096710205078
zero,0,0,0,0,0,0
wall,56.06965086607288,38.255346471855084,26.275448140948058,8.640932233146067e-05,86.1020375447101,41.03496551513672
TRANSPORT,8.595630713006466,42.226776919453876,-16.56605556826691,7.771506320224719,17.983824948230424,-96.2530517578125
1_prep_1,-175.96957683230508,22.481973433974797,-19.06483049787056,7.40651334269663e-05,40.920721766460375,-11.174491882324219
1_prep_2,-176.01829820185665,42.76499757324423,-1.0341787429506146,8.640932233146067e-05,44.844776751047156,-9.689186096191406
1_up_box,-176.01839757527938,54.31869115730537,18.217101233187428,0.00022219540028089888,57.53212434699737,-11.571052551269531
prep_zero,55.22022104465157,38.36854699656492,17.35542082173603,7.40651334269663e-05,72.05924068588808,39.68712615966797
1_under_box,-176.2622599546957,55.67756592853072,18.220094845352282,7.40651334269663e-05,57.453449662909456,-11.569656372070312
2_prep_1,47.71612220327982,56.699039537130176,45.632304362900015,0.00017281864466292134,93.0652296686747,32.743492126464844
2_after_box,57.04441896598217,43.884708908328776,17.35178735353594,1.2344188904494382e-05,67.849952054311,44.39234161376953
inter_box,6.147708405715041,-5.79413776758821,-16.385890390345494,7.40651334269663e-05,73.1241065335561,-0.0051727294921875
1_after_1,-175.96862568668737,-7.461467643014141,-41.61030643741485,7.40651334269663e-05,40.921783447265625,-11.180145263671875
2_under_box,47.97846803932671,57.77858981322248,36.11297188468519,7.40651334269663e-05,79.93440283350198,34.94627380371094
ZERO-INV,-8.595630713006466,-42.226776919453876,16.56605556826691,-7.771506320224719,-17.983824948230424,96.2530517578125
3_down,0.5328119003523747,10.763916208693363,-0.6480370516863924,8.596394399578651,-0.10290030973503389,0.1696014404296875
3_up,0.5328970775718704,10.76378844286412,73.17747824976989,8.596270957689606,-0.10295546198465738,0.1696014404296875
pos-4-1-up,-0.7677448679248848,28.011224245134493,3.382633208276349,181.08120281776687,-56.762860769248874,-182.75967407226562
pos-4-1-down,-0.7672480008111596,34.64831836546233,6.2712747053493425,180.02923103932585,-44.31596319359469,-181.89232635498047
pos-4-2-up,-0.7670776463721681,14.51591594266787,17.216914842108718,181.07949931969804,-50.95843119793628,-183.32938385009766
pos-4-2-down,-0.7669782729494231,24.540224158276445,18.9572432759459,181.07891914281953,-39.3289451139519,-183.00833129882812
tvel_4_lotok_hvatv2,11.391487765734754,-53.8690264193841,35.869049623252764,-0.17676878511235955,82.37606186464609,-1.0484619140625
tvel_4_lotok_podezd,11.38717211994697,-51.93538996720472,34.9970172552313,-0.23207075140449437,80.67229856927712,-1.5926513671875
pos-2-up,-97.67471926042732,-32.42103344907138,24.37813788446613,87.35752885797051,6.999027298157474,-177.7335433959961
tvel_5_lotok_hvat,11.34310710506117,-55.724299829627384,38.30397606134038,-0.18605161516853932,83.30835549228163,-1.03271484375
tvel_5_lotok_podezd,11.282460924780201,-55.08013291098757,38.25333602655171,-0.18782917837078653,83.7343514683735,-0.98291015625
pos-2-down,-94.64069250578568,4.967961327089244,3.076507799418499,-37.25439178809691,-11.085229896637331,-54.46044158935547
pos-3-up-old,-45.105923096645746,-7.367744309162324,6.303518879124979,86.71349549025632,-45.65297781702984,-179.8685531616211
pos-3-up,-42.70239231691486,-10.372597866126668,14.031585812697603,80.55518949701545,-45.65351555146367,-169.2300567626953
pos-3-down-old,-63.44727573269671,17.863125137192107,-13.87226165992387,89.95182063070575,-23.625362350280028,-181.2117691040039
pos-3-down,-60.14775158488684,13.139409487006906,-4.396085186085573,76.25663431574789,-30.70713181093515,-165.37177276611328
j_point_31,130.9664342471842,56.211783253004775,-10.210685498286567,-0.27127589536516855,58.49495853286192,-79.07473754882812
tvel_3_lotok_hvat,11.45599531329953,-52.495515362608735,33.95770823799817,-0.2735472261235955,82.22825383565512,-1.1715087890625
container,79.90530326088378,-37.03465754305833,-7.575918309194036,1.3461338000351124,48.35524501570736,-77.54523468017578
tvel_3_lotok_podezd,11.350375561124807,-52.09938450714053,34.25844057455903,-0.07446014747191011,82.84463537744729,-0.7547607421875
pos_2,-81.07101029449603,-23.717738730622294,-32.88664636501646,-4.805456954441714,-55.766645684299704,1.340972900390625
grebenka,-82.76412047502266,-29.473788084892657,-27.309386937885456,1.52490234375,-52.236419126211885,-2.10479736328125
j_point_71,11.537538304763455,-50.869652596873976,31.85587257025335,-0.20145716292134833,82.3826801346009,-0.9580078125
prep_grebenka,-76.13751734889607,47.59047160832034,-62.05588912932129,-4.435118943117978,-8.78779399825866,2.2548065185546875
j_point_72,11.537538304763455,-50.86919831837,31.856238202273484,-0.2541915379213483,82.38069465361447,-1.090576171875
inter_grebenka,-81.17783672394694,-20.635813986217553,-42.454619327909846,1.2300243591994382,-59.29779604256871,-1.5612030029296875
j_point_73,11.483479162790156,-51.11678010303763,32.21876235023713,-0.3651904845505618,82.36900237669428,-1.094970703125
inter_grebenka_2,-81.9149035966501,-23.097620180286782,-39.095557958931565,2.5764544197682584,-58.22533297251506,-3.3863525390625
ilin_point1_penal,78.7412571830517,-36.48713837613969,7.516960145947302,0.37849752018960675,53.67510692182794,73.24523162841797
tvel_2_lotok_hvat,11.468033693654927,-51.122458584337345,32.21309505392504,-0.34662482443820225,82.36392836972892,-1.096435546875
tvel_2_lotok_podezd,11.50801020200493,-50.67385856165976,32.43320553004618,-0.19572945926966293,82.77690841490964,-1.17626953125
j_point_75,11.740373656789318,-49.085473772503136,29.474511223115485,-0.2992231390449438,80.17747258565512,-1.38427734375
iliin_point3_vertikal,78.74473525284778,-0.0064734686816765126,0.022657759247727557,0.38005288799157305,0.0023991228586219882,-30.914840698242188
j_point_76,11.739692239033353,-48.740676387984365,29.82826020259589,-0.2990256320224719,81.03939194277109,-1.382080078125
iliin_point4,78.7431310818806,44.33762457679414,47.60471772151775,0.37936161341292135,0.0029092811676393075,-30.914199829101562
iliin_point5,-87.0748969650925,44.333592855071345,47.577603822024635,0.37959615300210675,0.004715517342808735,-30.911109924316406
iliin_point6,-87.07461304102752,-30.621295585939315,32.34099770496844,0.37976897164676965,-59.81625476515437,-32.335121154785156
tvel_1_lotok_hvat,11.525727063660044,-49.085246633251145,29.474511223115485,-0.2992231390449438,80.17681075865964,-1.1553955078125
tvel_1_lotok_podezd,11.431464274084755,-48.73863213471647,29.830088362696564,-0.2875702247191011,81.05527579066265,-1.1187744140625
iliin_point3_5,78.7421231514499,44.54187954914494,0.0035077821931681088,0.37981834840238765,0.00449490834431476,-120.41587829589844
iliin_point2_pered_6axis,78.74298911984212,-0.004698943275515188,-0.0007541160415279974,0.38005288799157305,53.67510692182794,73.24099731445312
iliin_point_bufer,78.74307429706761,-50.609904666021706,-17.162321411102344,-0.5442676329880618,59.43607652043722,74.37409973144531
iliin_start,78.7431878666936,-0.0034354811863283245,-0.0020566801132581745,-2.634138814518961,53.67359023496329,66.14339447021484
j_point_80,11.343788522817137,-55.728388336163185,38.360100576431066,-0.1876316713483146,83.27857327748494,-1.0213623046875
tvel_5_lotok_hvatv2,11.34469707982509,-55.731341146439036,38.36064902446127,-0.18802668539325842,83.26643978256777,-0.8133544921875
tvel_3_lotok_hvatv2,11.440322704912312,-52.50210240091641,34.06227899575672,-0.2828300561797753,82.18942665192019,-0.9638671875
truba_hvat,12.881294119528306,-23.35241363620505,2.5042137059031533,-0.1759787570224719,66.91887177616717,-3.531005859375
truba_lotok_podezd,11.518685746848396,-44.67783658766339,27.852384765787505,-0.17242363061797752,80.08569924228163,-1.801025390625
truba_lotok_hvat,11.444865489952086,-46.67643486591152,26.37230634828189,-0.18427405196629212,77.27889095444277,-1.4395751953125
tvel_lotok_hvat,11.391260626482763,-53.86993497639205,35.867587095172226,-0.17696629213483145,82.38091526261296,-1.283935546875
truba_hvatv2,12.881975537284271,-23.35559358573289,2.52267812291996,-0.16314080056179775,66.8996787932982,-3.2926025390625
truba_lotok_hvatv2,11.413293133925663,-46.71323142473368,26.507041747701557,-0.18071892556179775,77.35058887895332,-1.2696533203125
tvel_1_lotok_hvatv2,11.526862759919988,-49.04458870714518,29.48456610366919,-0.4007417485955056,80.38241834525603,-1.1923828125
truba_prepos,11.520048582360328,-34.7959162906452,22.866078091199352,-0.18012640449438203,80.08967020425452,-0.5701904296875
svarka_hvat,-57.98955958971019,-32.02867878366749,9.297839456017556,100.22118591994382,64.12044663027109,-21.1142578125
j_point_87,-49.01983052867842,-32.02867878366749,9.297839456017556,100.22118591994382,64.12044663027109,-21.1142578125
j_point_88,-58.04407301018746,-31.07628390007908,9.428552903215742,99.92512289325843,63.12329395707832,-19.9522705078125
svarka_nad_hvat,-58.07223827743405,-31.44652088082058,9.6356834426221,99.92591292134831,63.13653049698796,-19.8922119140625
j_point_90,-58.07223827743405,-31.44652088082058,9.6356834426221,99.92591292134831,63.13653049698796,-20.0394287109375
j_point_91,-58.0692854671582,-30.306736114341533,9.119045398171645,99.87515361657303,62.74428769766567,-19.742431640625
j_point_92,-58.061108454086614,-30.76010606131088,9.839888925867378,99.79299069522472,62.55324030496988,-19.1121826171875
svarka_prepos,-58.15900547169372,-31.09922496452993,9.554695950162243,100.0461946980337,62.77009895048946,-19.9105224609375
svarka_hvatv2,-57.990922425222124,-32.135207092850166,9.371514308074715,100.11966731039325,63.98830184017319,-20.921630859375
j_point_97,-41.0956234445504,-1.4757237201702562,-27.998089125811216,99.74657654494382,70.12321747929218,-36.3350830078125
j_point_98,-47.57954053181839,29.43270427268921,-29.100652482527664,99.75961200842697,63.172710372740966,-19.698486328125
svarka_podezd3,-57.62659106503233,-29.70390853956366,7.983575159643065,99.75190923455057,63.16653332078314,-19.728515625
svarka_podezd2,-47.57976767107038,-29.70390853956366,7.983575159643065,99.75190923455057,63.16653332078314,-19.728515625
svarka_podezd,0.0029528102758524443,58.73344063997302,-41.498137389237876,99.6594759480337,63.17999046969127,-19.7127685546875
j_point_100,63.00297715960366,0.00545134204772759,-0.0029250561610782927,0.03199613764044944,-0.04279814570783133,88.720458984375
j_point_101,-57.99024100746615,-32.13815990312602,9.370965860044514,100.13783795646067,63.98741940417922,-20.9322509765625
