1-take-70mm,90.83548540203283,-31.63754499174303,-10.344095481633248,0.047006671348314606,53.147134436182235,-87.689208984375
TRANSPORT,128.0833699178955,29.94285903265572,-35.72590468737,-0.0005925210674157304,-0.0004412179969879518,-0.0010986328125
1-put-between,-87.92628586256221,-28.5663951656045,-20.520548682034697,4.229415379213483,-43.61461961125753,-2.968505859375
1-put-10mm,-87.98829487835512,-28.078954330836858,-20.43681894942383,4.379915730337078,-42.83145766660392,-3.0362548828125
3-put-centre,-86.99615062566869,-28.484397895636597,-20.500256104917217,2.761148174157303,-43.585278614457835,-1.962158203125
1-put-60mm,-88.2826673489324,-31.47968321161092,-15.190913540539979,4.990804950842697,-41.672377988516565,-3.4189453125
inter-a,-85.60128847920639,31.292293328720284,-45.55208241248232,0.09026070926966293,-9.191673922251507,1.3648681640625
1-put-centre,-88.39964406370656,-28.466681033981484,-20.551993035766287,4.88355863764045,-43.625650061182235,-3.2728271484375
prep-mag,90.42027484939759,-15.750744289900915,4.127254243281471,0.08947068117977527,84.49721738516567,-86.928955078
2-put-20mm,-87.43839074929059,-28.632946966437174,-19.628955000936017,3.572704529494382,-42.84292933452561,-2.38330078125
2-put-60mm,-87.42930517921104,-31.342491103409778,-15.408098960500041,3.306267556179775,-41.623182181852414,-2.4100341796875
2-put-between,-87.44293353433036,-28.589336230055356,-20.501718632997754,3.534980688202247,-43.69337702371988,-2.27490234375
inter-b,-88.93864550867562,-29.85336616737219,-36.125906117397456,4.921479985955056,-60.552978515625,-3.20654296875
1-out,-87.90584332988324,-30.37805783946597,-18.16734100044721,4.798038096910112,-42.83609045557229,-3.9598388671875
3-put-under,-86.64249481032236,-28.994325516351118,-20.472650887397037,2.201610779494382,-43.86412838855422,-1.634033203125
3-out,-86.42784821719309,-30.49776022526399,-18.096956836571263,2.664962254213483,-42.739022496234945,-2.82421875
inter-c,-89.11853979625063,-32.177454993720055,-24.314894970983442,5.546589712078652,-50.8523596338479,-4.011474609375
3-put-10mm,-86.73448620737777,-28.224550591361584,-20.410676259984193,2.3870698735955056,-43.116043274661145,-1.7457275390625
2-take,90.8502494534121,-35.23247793296739,-11.732034630064897,0.04819171348314607,47.822736257530124,-87.86865234375
3-put-20mm,-86.78513826057123,-28.540274151625805,-19.734257022734838,2.5190045646067416,-42.80211666980422,-1.8446044921875
2-take-15mm,90.94973644578313,-34.55128731625343,-11.768049384048174,0.04759919241573034,48.3252835560994,-87.8909912109375
2-take-70mm,90.93656236916779,-31.019953365585895,-11.301502926356186,0.021528265449438203,52.52435523343374,-87.7064208984375
4-put-under,-85.71962802949248,-28.222960616597664,-21.36735244066686,0.5257636938202247,-43.33334313817771,-0.7518310546875
3-take,90.76325511990045,-34.72141461599293,-12.63788795994883,0.06418978230337079,47.5963914250753,-87.7840576171875
3-take-15mm,90.86478636553937,-34.08247190014885,-12.608271766317914,0.060634655898876406,48.09209984469127,-87.9052734375
3-take-70mm,90.8641049477834,-30.472547768293246,-12.117959227317165,0.018960674157303372,52.32404226280121,-87.7122802734375
4-take,90.79369177966693,-34.21103271677443,-13.565313579020717,0.0626097261235955,47.272316806287655,-87.8408203125
4-take-15mm,90.95132642054705,-33.6334175989673,-13.534783305339463,0.060634655898876406,47.845458984375,-87.99169921875
4-put-centre,-86.00309781597431,-27.76118651730474,-21.362050776374907,0.8798937851123596,-42.78468855892319,-0.9803466796875
4-take-70mm,90.94655649625528,-29.852911888868213,-13.031125197603794,0.02014571629213483,52.41537438817771,-87.8214111328125
4-out,-85.8672685432851,-30.55454503826115,-18.057468578396705,1.9594671699438202,-42.66997187970633,-2.4320068359375
5-take,90.80300448899845,-33.70428504558775,-14.517053727431566,0.07604020365168539,46.86992599303464,-87.88037109375
5-take-15mm,90.92906677385216,-32.979029413987995,-14.482867133548964,0.07090502106741572,47.60786309299699,-87.9378662109375
5-take-70mm,90.9222525962925,-29.315954697167044,-14.01467533176637,0.023503335674157303,51.88083878482681,-87.7371826171875
6-take,90.79051183013908,-33.150292409987436,-15.387440751362426,0.08492801966292135,46.67931981833585,-87.8602294921875
4-put-25mm,-86.10871756814903,-28.488259262920405,-19.66186188274815,1.358058286516854,-41.86849938817771,-1.18212890625
4-put-60mm,-86.16323098862631,-30.491400326208307,-16.37190496557534,1.3521330758426966,-40.53580042827561,-1.2293701171875
6-take-15mm,90.94292226822347,-32.48613723717263,-15.356910477681172,0.0819654143258427,47.234592667545186,-88.037109375
6-take-70mm,90.9363352299158,-28.82374393810764,-14.840272433230718,0.04325403792134831,51.57595714890814,-87.8624267578125
5-put-under,-87.22510699167326,-27.973788857166113,-21.48033273488851,2.5043890449438204,-43.15994446536145,-2.0584716796875
7-take,90.77256782923197,-32.701465248057865,-16.223641181410684,0.08354547050561797,46.416795110128014,-87.8880615234375
7-take-15mm,90.95518778783085,-31.99256364260129,-16.19512188384017,0.0780152738764045,47.045971973832835,-88.1663818359375
5-put-centre,-88.10322733986138,-27.58447217925757,-21.558577987197353,4.483606917134831,-42.78226185993976,-2.8663330078125
7-take-70mm,90.94542079999535,-28.21660071754198,-15.554534584564024,0.05332689606741573,51.28938605986446,-88.0784912109375
5-out,-87.5544589070568,-30.417807208563982,-18.162770600195525,4.490322155898877,-42.802778496799704,-3.75146484375
5-put-10mm,-87.9062976083872,-27.192656969577147,-21.533166561797987,4.211837254213483,-42.30552581419428,-2.690185546875
5-put-25mm,-88.00237751197841,-28.29201094920221,-19.77246556883892,4.29222261235955,-41.76326889589609,-2.75830078125
1-take,90.79482747592687,-35.74104271816997,-10.864938294315252,0.048389220505617975,48.16269472420934,-87.709716796875
5-put-60mm,-87.9244687485463,-30.279706543354884,-16.84960319988144,4.118218925561798,-40.913703642695786,-2.634521484375
1-take-15mm,90.84888661790016,-35.14434790319579,-10.803877746952741,0.047994206460674156,48.74532308923193,-87.7928466796875
2-put-centre,-87.73730600490765,-28.520513036702795,-20.55948849217905,3.9124166081460676,-43.77853209713856,-2.6015625
6-put-10mm,-87.03589999476671,-27.051149215588218,-21.664245641016308,2.7030811095505616,-42.00593879423946,-2.1947021484375
2-out,-87.21147863655393,-30.43393409545518,-18.142295207067978,3.843684164325843,-42.81049981174699,-3.4215087890625
6-put-20mm,-87.05884105921756,-27.49361647846211,-20.904279487166153,2.7038711376404496,-41.67193677051958,-2.187744140625
6-put-25mm,-87.06928946480903,-27.739608288365815,-20.400255747410352,2.704068644662921,-41.3966167403991,-2.18115234375
6-put-60mm,-87.14697108898916,-29.798398468390936,-17.385254109378902,2.796501931179775,-40.369461243411145,-2.2423095703125
6-put-centre,-87.17331924221983,-27.377775459947898,-21.78472139165072,2.898415554775281,-42.52282567771085,-2.2855224609375
7-out,-86.51029976566497,-30.49071890845234,-18.101710052833013,3.1680126404494384,-42.75424451713103,-2.9937744140625
6-out,-87.12244004977438,-30.485040427152622,-18.152350087621684,3.862644838483146,-42.73725762424699,-3.4552001953125
7-put-rim,-86.16777377366608,-29.109257977857375,-18.21359345099426,0.7643521769662921,-40.494546545557235,-1.168212890625
7-put-25mm,-86.26317225950132,-28.00831402346839,-20.104459443121307,1.144750702247191,-41.23468973550452,-1.1832275390625
7-put-60mm,-86.38151180978741,-29.963301565334696,-17.188726898556453,1.2008426966292134,-40.422407403049704,-1.2520751953125
6-put-between,-86.68406129343629,-27.501112073777733,-21.657298632633747,2.016744206460674,-42.63533626694277,-1.853759765625
6-put-under,-86.71131800367492,-27.723254262222635,-21.679967817882105,2.014374122191011,-42.85263613045934,-1.8533935546875
7-put-between,-85.67919724263851,-27.503156327045634,-21.4944095676637,0.0977659761235955,-42.077195500753014,-0.9788818359375
inter-demo,-88.58794250360515,-24.26914765723124,-48.91809078984316,4.417837078651686,-67.56481492375754,-2.710693359375
1-put-under,-87.9603567503605,-28.839416546494856,-20.57082308480323,4.193074087078652,-44.06157344220633,-2.8905029296875
j_point_84,90.79369177966693,-34.21103271677443,-13.565313579020717,0.06280723314606741,47.272537415286145,-90.0091552734375
j_point_85,0,0,0,0,0,-2.12109375
TO-ZERO,-128.0833699178955,-29.94285903265572,35.72590468737,0.0005925210674157304,0.0004412179969879518,0.0010986328125
2-put-under,-87.4642846240173,-28.972520148160207,-20.56296199637033,3.5195751404494384,-44.05451395425452,-2.3104248046875
2-put-10mm,-87.56354447713633,-28.18184841198772,-20.4549177344205,3.803985252808989,-43.1286179875753,-2.5499267578125
2-put-25mm,-87.530382146346,-29.12311347222868,-18.86076212663283,3.5825798806179776,-42.637983574924704,-2.4481201171875
3-put-between,-86.69700823079964,-28.637944029980925,-20.4549177344205,2.371664325842697,-43.650799487010545,-1.7069091796875
zero,0,0,0,0,0,0
1-put-20mm,-88.13230116411592,-28.535277088082054,-19.682520091885763,4.476101650280899,-42.69225338855422,-3.1329345703125
3-put-25mm,-86.83488175675676,-29.14128461238777,-18.79567962704884,2.596822331460674,-42.527017248682235,-1.8702392578125
1-put-25mm,-88.24723362562217,-29.013859492022142,-18.998788214233713,4.747476299157303,-42.57753670933735,-3.2406005859375
3-put-60mm,-86.84487588384425,-31.28479773340466,-15.487806740889425,2.542112886235955,-41.52545239551958,-1.910888671875
7-put-under,-85.79503826115271,-27.815018520026047,-21.600625669512855,0.32529406601123595,-42.467452819088855,-1.0513916015625
7-put-centre,-86.18231068579335,-27.369598446876306,-21.639931111677345,1.1878072331460674,-42.101021272590366,-1.3692626953125
4-put-between,-85.71803805472857,-27.838186723728892,-21.336090902945337,0.522998595505618,-42.88197712725904,-0.7459716796875
7-put-10mm,-85.84750742836209,-26.899193056007814,-21.5112286405899,0.3902738764044944,-41.300431217055724,-1.01953125
7-put-20mm,-86.11098896066892,-27.267385783481416,-21.070276424307348,0.8935217696629213,-41.38227715549699,-1.1890869140625
4-put-10mm,-85.92314479927431,-27.339843204865794,-21.302087125072802,0.7937807233146067,-42.27155202842621,-0.9027099609375
4-put-20mm,-86.03694156452063,-28.002181263664696,-20.246324666933607,1.2221734550561798,-41.93556452371988,-1.1407470703125
5-put-between,-87.3282282120761,-27.72030145194678,-21.466804350143523,2.766085849719101,-42.868299369352414,-2.2144775390625
5-put-20mm,-87.89925629157557,-27.67850782958087,-20.71817278891755,4.121971558988764,-41.99932052428464,-2.6744384765625
